141
329
40
275
327
322
182
208
46
37
67
219
364
18
31
81
326
181
68
133
279
167
312
284
111
24
31
280
68
8
144
121
58
160
190
226
3
185
258
293
103
32
226
38
39
14
90
174
91
355
325
240
59
127
364
7
325
65
61
182
96
303
95
266
155
41
230
43
288
343
233
120
118
359
287
306
182
310
192
353
258
303
156
106
2
312
140
51
192
143
294
124
233
31
8
334
36
49
220
274
325
220
111
100
88
173
111
133
175
203
333
161
75
291
122
227
137
258
231
118
162
21
92
109
234
97
158
148
132
155
232
85
216
28
347
172
33
8
225
133
280
150
348
306
75
144
247
61
271
179
22
182
279
4
295
163
252
46
235
336
279
33
295
189
83
23
124
153
150
132
287
233
171
188
3
157
110
151
322
48
19
83
251
295
57
231
223
332
177
306
303
89
170
219
281
180
362
57
191
305
107
124
118
100
81
69
164
304
46
343
88
69
135
74
300
115
299
347
44
26
11
343
110
343
187
267
178
365
361
203
41
24
125
214
218
93
257
66
255
246
329
45
160
196
196
322
27
267
101
56
91
134
62
12
171
362
177
178
170
46
327
318
147
58
21
346
149
52
172
159
281
19
198
20
87
354
106
76
296
96
308
134
349
69
259
86
310
137
349
41
196
286
42
346
169
151
298
59
78
85
128
180
309
353
86
246
180
177
168
151
354
289
331
174
305
105
156
361
77
332
225
219
275
55
144
250
53
328
207
357
283
310
67
321
181
358
305
13
229
169
354
250
76
182
222
239
278
330
124
70
223
31
288
272
329
196
302
234
320
161
199
117
45
358
112
